-6.722234211731803466e-02 4.780172788826468455e+00 -3.917206711391150620e+00 -1.396710960027628623e+00
-1.058963131486173603e+00 7.004881989636506212e+00 -6.842078628227596049e+00 2.000139826297456791e-01
-1.526838937061419044e+00 5.044212768222081422e+00 -3.235048911601923649e+00 2.475088261458152861e+00
1.391324513480695635e-01 4.232675631997264709e+00 -4.959942340688089146e+00 -1.015007295278015143e+00
1.621931339167578923e+00 4.606458475045251078e+00 -5.570456941791039007e+00 -3.213250883843348227e-01
-1.745625349951033245e-01 6.156551739698032044e+00 -7.060037401242216681e+00 6.557199203481339778e-01
4.971530639038450050e-01 4.972165623518300492e+00 -5.570889488737078565e+00 8.541512647752834697e-01
2.568577557744154416e-01 8.108490645766414318e+00 -7.196019288299956962e+00 -9.071714039532684515e-01
1.196706020646053581e+00 2.942155077041999078e+00 -3.878217972489050869e+00 -5.674458160579032295e-02
1.195539668034959258e+00 6.546243653362375348e+00 -6.335166920179100991e+00 -1.014102702391929789e+00
1.213819024992830009e+00 4.432334229927809233e+00 -4.316963655405145595e+00 -1.237530905765200639e+00
2.426885670797459538e-01 4.152896866917812346e+00 -3.724629548723053851e+00 -9.544951612633014726e-01
5.532121437433547007e-01 4.657618647217812047e+00 -6.387238022455074216e+00 -5.305243841504713176e-01
-6.327109286377409214e-01 3.782277901412713916e+00 -4.033566504386034701e+00 6.372929608654577249e-01
4.944930908656282320e-02 5.904226915734902548e+00 -4.809466832135543157e+00 -2.796870642022677989e-01
-6.427550863674506010e-01 4.160794327051507757e+00 -3.548573687009786148e+00 1.500536628631312652e-01
2.505341026617910583e+00 5.911508341730629112e+00 -4.286075822520599488e+00 -9.012578927628810410e-01
-2.951285788997010773e+00 3.154759812620243409e+00 -4.592616183466685875e+00 1.938559063578255470e+00
3.242692129094439379e-01 5.163857197598701987e+00 -4.839526767261876472e+00 1.290743104263866403e+00
-4.801031485950246758e-01 4.236013363862415559e+00 -3.969890401046391126e+00 -1.377349745811486947e-01
4.705115061730588688e-01 5.645751621038084700e+00 -4.961134701751860554e+00 6.970124107086812515e-01
-2.114849770876020330e+00 2.601736169636719165e+00 -4.067417458286862519e+00 -6.014156824685352731e-01
-4.104306544402025470e-02 4.016479178873841427e+00 -5.632286119266396440e+00 5.791254826639993802e-02
-1.316824368098778120e+00 5.122097987163049204e+00 -4.147905462315307545e+00 2.602112375913521625e+00
1.222459378456854484e+00 4.571044562985829174e+00 -4.769563933889237717e+00 -4.225428762095951307e-01
-1.903672014965069215e+00 4.072023561319534579e+00 -6.149921960711144386e+00 1.442679048924596863e+00
2.644126840014056068e-01 5.952351095513422230e+00 -5.799138232025430106e+00 -6.958706644362084859e-01
1.088147018442009895e+00 5.739505939230238774e+00 -4.398671325247917707e+00 1.679472329242073791e-01
2.803950621152575540e+00 4.417896440791324153e+00 -4.562922623913759246e+00 -2.901600978384818674e+00
-5.239154819706592914e-01 2.810651441496379910e+00 -5.287768297777599713e+00 5.447560151447702337e-01
-1.466504380113123007e+00 3.922719326389258132e+00 -4.610256415606595937e+00 1.203813596875454639e+00
-1.082271879831930850e+00 5.083080581532027686e+00 -5.807411804668480393e+00 2.115713859750345094e+00
-2.745055662464817914e+00 5.520313469903606496e+00 -6.194272188536904977e+00 7.831370387741839467e-01
3.651296534594038468e-01 3.230813236042503700e+00 -3.929690225953255123e+00 -1.909033379721064350e+00
1.669664236551053005e+00 5.519127359698709157e+00 -5.018252565921748065e+00 -2.910967896843523195e-01
-1.401735104320969594e+00 5.859920560746918028e+00 -5.554375054100050946e+00 1.110186814078677475e+00
1.240424558693100782e-01 5.510467594985601458e+00 -4.907179100899397461e+00 1.359501522324114253e+00
3.964915537883018093e-01 5.685057673951297907e+00 -5.798475578673130570e+00 8.540274167997219390e-01
-4.503349334548668592e-01 5.723317878495007172e+00 -5.386065220758136540e+00 6.109528913192798782e-01
1.126892627043112105e+00 5.285072642267788723e+00 -4.794877153245313828e+00 -1.569566375844657191e+00
1.117988636055300411e+01 6.802118294067373006e-01 -1.484708544418930742e+00 -1.135295905940941452e+01
1.104085788584749217e+01 1.775680757680253796e+00 -1.157825046882741571e+00 -1.028223737576912278e+01
7.492727629647315091e+00 3.384144413662433237e+00 -1.572041514266049322e+00 -7.651598412415853367e+00
9.759016038617241762e+00 1.086472754545348307e+00 -1.345704189451767174e+00 -1.057506853574988170e+01
7.680022481636689768e+00 1.210461855071639281e+00 -1.297695171331632480e+00 -8.222767081951909418e+00
1.130521058318489125e+01 1.562125958496444422e+00 -1.838045183812256012e+00 -1.126467158073556973e+01
1.176940383899488829e+01 -3.618716426473111980e-02 -4.081253799683191019e-01 -1.162380306671416896e+01
1.035101943385672563e+01 1.793380768099170908e-01 1.763104664822571888e+00 -1.175815679792704671e+01
1.170923968168723484e+01 -1.686590796847887985e-01 -7.871526569266903972e-02 -1.091118060281777957e+01
9.192660857762517068e+00 -4.775279506725563783e-01 8.642809228446139969e-01 -9.805304145353996859e+00
1.038913009898565853e+01 -1.554326977394517195e+00 -1.198170050935927433e+00 -1.134258676974387470e+01
1.197133181720029249e+01 -2.786338002147346060e-01 6.637394123472170060e-01 -9.732330134749467732e+00
9.658171404000295723e+00 1.606674108235350840e-01 -6.841235318584598657e-01 -1.009259913176626888e+01
9.345314562112021051e+00 -3.745926331958870925e-01 1.015544862026970946e-01 -8.882477455396969646e+00
1.161754177878113659e+01 -2.024470175726313492e+00 3.349338069287756126e-01 -1.208084075320119766e+01
1.001598135260345579e+01 5.453069269323138624e-01 4.767926228286724633e-01 -9.088387794385017315e+00
1.149624676682649138e+01 1.341721899785648375e-01 -1.061917318815181144e+00 -1.111559433696126575e+01
9.801709909259731290e+00 -3.656967607985466828e-01 2.649538345155885155e-01 -1.031591076712828148e+01
9.214082192693780371e+00 1.071001734834063246e+00 -3.968138156728185373e-01 -1.015506187141680527e+01
8.971120742067549614e+00 -8.874317299694771677e-01 8.074994242542352652e-01 -8.339704962344875128e+00
8.774929625060757132e+00 9.972846418801846191e-01 -4.630863068218142864e-01 -8.653783728448400936e+00
8.506260895572642866e+00 7.132466887499028241e-01 -4.490561313065975502e-01 -8.697128197443879216e+00
1.299874433553436504e+01 1.466711972574835432e+00 6.311865407782721871e-01 -1.283696367530696669e+01
1.181872800345352204e+01 9.522277321767980141e-01 -3.972814592779965737e-01 -1.267837220391859177e+01
8.340570231049493799e+00 -1.525062500593576398e-01 -7.979608267965829782e-01 -8.921213520219994919e+00
9.595061791591575684e+00 1.931040134170806999e+00 -2.226649635529604154e+00 -9.914353670973818922e+00
9.008556176670349913e+00 -6.364527397411603449e-01 1.853264090691101096e+00 -9.060419286590253307e+00
9.498528906858220822e+00 -5.976512882957208950e-01 1.231226446563858490e+00 -1.123929317129834438e+01
1.126745542935917221e+01 2.803617675935623499e-01 1.791255434110902711e-01 -1.102200391033168358e+01
7.746824966797105638e+00 -6.150210640614363067e-01 1.043309938290427619e-01 -8.683756881841455666e+00
1.316935223208772676e+01 7.144484452147521480e-01 -9.806839114290004655e-01 -1.224314216693363377e+01
9.092130037344809068e+00 9.637316610749836476e-01 -1.368188007297009845e+00 -8.202416661642198292e+00
9.422623152756816722e+00 1.119074568634450539e+00 -1.596281714303046551e+00 -1.141650154596699451e+01
1.149738966416309083e+01 -8.886293789284325229e-01 7.627243288978614588e-01 -1.172972443662259678e+01
1.101280608742997202e+01 1.201041076049515155e+00 -1.740999397272843696e+00 -1.003500828857137783e+01
8.804662282429257303e+00 9.062470709067618202e-01 -1.268908676267075153e+00 -8.280577043244845115e+00
9.033938622945104413e+00 6.751031999159211594e-01 -1.956500589549929614e-01 -8.668062269936847031e+00
1.080213712950427585e+01 4.615425481622694170e-01 -3.500987480515011518e-01 -1.017840028075780801e+01
1.024764638793082838e+01 1.284219616509461037e-01 -1.589508357293339058e+00 -1.012448345054826149e+01
1.261846650855332719e+01 -1.147981123807554793e+00 -2.098947524026607281e-01 -1.158604756866110108e+01
-1.110462999009409479e+01 -5.226049416711195050e+00 6.222104157800856683e+00 9.621777035609195394e+00
-1.163955782273035311e+01 -3.990500279480118984e+00 5.064762733690974628e+00 1.194367628489848876e+01
-1.045294978055274449e+01 -5.607225893090872937e+00 5.055122708279446542e+00 1.168638488060831904e+01
-1.133274039934124389e+01 -5.110869991766050724e+00 5.380984503303604782e+00 1.136498632235097084e+01
-1.032836636513193262e+01 -5.045626517774380204e+00 4.807962067872347589e+00 8.935220219989876256e+00
-7.549712571754603196e+00 -3.422787213681855789e+00 3.843199919199374648e+00 8.450118068539385519e+00
-8.911777128116177948e+00 -4.512816119066381582e+00 4.529757210115603172e+00 8.597131375322227598e+00
-1.055719113710490120e+01 -6.386108940160673875e+00 7.684908656355140089e+00 1.179917547790978638e+01
-1.100106216360736866e+01 -6.017775194118215154e+00 5.352381674902323638e+00 1.143265809262201316e+01
-1.108894801083411430e+01 -4.825979971868519236e+00 6.004493523977137315e+00 1.076605990194536489e+01
-1.078118791003301347e+01 -2.237479751841448206e+00 2.357975755168925325e+00 9.701337263734529870e+00
-6.528244703054534526e+00 -2.569237739592244552e+00 4.622040480262964657e+00 7.013438069094380722e+00
-8.998169056899083529e+00 -3.438262419674481318e+00 6.086316822512786828e+00 1.058483792420077307e+01
-1.078284180249663393e+01 -3.076897018910143888e+00 3.467990720659257509e+00 1.141414884259349094e+01
-9.971689579496739952e+00 -4.961503041150866267e+00 6.113304570653276038e+00 8.039988747995437279e+00
-9.147507195872666586e+00 -5.753837804517945465e+00 4.140787700665732984e+00 9.093686850006085010e+00
-1.124665138845242041e+01 -6.293567156032145782e+00 6.774911292407430174e+00 1.054448642021329796e+01
-1.001201350695164116e+01 -5.861257759107413534e+00 4.554089780153246281e+00 9.084524810186403343e+00
-1.096679912006682223e+01 -7.460150839093334874e+00 5.972148515638676436e+00 9.349952298818653418e+00
-1.004169182135504101e+01 -2.074527664949935346e+00 3.067677454055057318e+00 8.911172711000475033e+00
-8.975319912477432993e+00 -4.725751473875331676e+00 4.474278721000925607e+00 9.667106759098679447e+00
-1.087438807605601632e+01 -5.495616201805635370e+00 5.810265895354443266e+00 1.030045259058736207e+01
-1.011807040246992351e+01 -3.700009104976600849e+00 5.059443102263800895e+00 9.723260702522946275e+00
-9.718554061411859735e+00 -4.565921590896519611e+00 4.446440097980396189e+00 9.443894207906669891e+00
-9.857937685414650986e+00 -4.511726915547738415e+00 4.103836077633528312e+00 1.010207690659007440e+01
-7.704985924081296567e+00 -7.611117880117342693e+00 6.853601968474187345e+00 7.061316143008492752e+00
-9.092432243334899411e+00 -4.842811548871156724e+00 4.663868969547198873e+00 7.635087210139444025e+00
-1.038521180158701007e+01 -8.121278643748613746e+00 5.256857918534514340e+00 1.109135703168557541e+01
-1.116425641916966782e+01 -5.743191701787387693e+00 4.658703733742058262e+00 1.195956675027348659e+01
-9.358804638323087843e+00 -7.278692966138507359e+00 6.087860642459227201e+00 9.182402045067453500e+00
-1.057080947824014139e+01 -4.820504933753639421e+00 5.390995899572584626e+00 1.041667537312002167e+01
-9.953816607882574274e+00 -3.664066358924133127e+00 3.123389093433956987e+00 8.941905182668145713e+00
-1.204362785619297149e+01 -4.436009816269529615e+00 4.311975649640652719e+00 1.095296661589712883e+01
-1.003779673493234625e+01 -4.544075187054597897e+00 4.889809495923401528e+00 1.050770793648243284e+01
-9.388690593730087741e+00 -5.620783990062319546e+00 3.769564160045872026e+00 9.188813223060940061e+00
-8.170698420420611896e+00 -6.326230836212508812e+00 6.846852778654191951e+00 8.783518308031256439e+00
-9.553794067272043833e+00 -7.432065935247909927e+00 7.548572499807407965e+00 9.506522930037681007e+00
-9.475788526533392542e+00 -5.294045445421653007e+00 4.830842147359008187e+00 9.456317991703663495e+00
-6.997836615386384018e+00 -3.859763575660430046e+00 2.330839208764847292e+00 7.932303266656663077e+00
-1.086695357657806937e+01 -4.890302871396090545e+00 4.617738415282600428e+00 1.079559925148449828e+01
