######################################
####### p=4, d=2 , M=3 ###############
#######################################

Lambda :
0,  1,
1,  0,
-1, 0,
0, -1;

mu_0 = 5. ,  0.
mu_1 = 0. ,  10.
mu_2 = -5., -10.

Delta_0 = Delta_1 = Delta_2 = MatrixXd::Identity(d,d);

sigma_bar = VectorXd::Constant(p, 2.0);

// we will consider 120 observations, first 40 in group 0, second 40 in group 1, last 40 in group 2

##################################################### FIRST SETTING
dpp {
  c: 5   <----
  n: 30
  s: 0.8
}

wishart {
  nu: 3
  identity: true
  sigma: 0.5
  dim: 2
}

dimf: 2

a: 1.0

alphajump: 2.0

betajump: 3.0

agamma: 2.    <-----

bgamma: 2.    <-----
#########################################

#### (1)
Proposal means sigma: 0.1
Proposal lambda sigma: 0.001
#### Means Acceptance rate: 0.175962
#### Lambda Acceptance rate: 0.90858

Average nclus after 50000 iterations:
3

Average sigma bar:
 1.5222
1.67779
2.15295
1.79569

Average Lambda:
 0.708626  -1.37748
-0.823121 -0.149107
 0.842071  0.145517
 -1.08922    1.6118

Average etas:
  -4.9076  -3.93077
  -5.4569  -4.47372
 -5.80863  -3.88962
 -5.24132  -3.77174
 -5.89164   -3.7686
 -6.03639  -4.37875
 -3.18831   -1.6045
 -4.27146  -2.71499
 -5.45779  -3.64814
 -5.68877   -2.9606
 -4.23928   -2.9411
 -4.87068  -3.63195
 -4.98596  -3.86612
 -6.14186  -4.38666
 -3.73076  -2.05578
 -4.78492  -2.55647
 -4.30535  -3.03678
 -5.07474  -2.59857
 -5.92434  -2.83297
  -5.7259  -4.32891
 -5.67923  -2.96623
 -5.91075  -3.71354
 -5.63615  -4.53348
 -4.64661  -3.67235
 -6.01499  -3.62767
 -5.26116  -3.49888
 -5.20539   -2.7573
  -4.6355   -3.1597
 -4.08401  -3.22848
 -5.28945  -3.06451
 -6.43814  -5.32622
 -4.87071  -3.10619
 -4.38508   -2.5075
 -5.12637  -2.84896
 -5.80225  -4.18621
 -4.40709  -2.85408
 -6.01834  -4.03902
   -5.607  -4.75107
 -6.21265  -3.96101
 -5.14923  -2.96338
 0.852186  -5.78491
  1.42819  -4.97481
  1.27699  -5.42807
 0.405531  -5.71138
  0.19995  -6.60372
  1.53222  -6.16969
  1.12232  -5.44132
  1.67077  -4.99345
  1.31826  -5.61748
 0.479762  -5.05203
  1.37654  -4.53551
 0.461586   -6.8756
-0.441954  -7.84111
 0.701697   -6.1762
 -0.61128  -7.60884
 0.763314  -5.36472
 0.690714   -5.2133
 0.642633   -5.9858
-0.265259  -6.17785
  1.71355  -5.38815
0.0813066  -6.28897
  1.10779  -4.97297
 0.506786  -5.71184
 0.697582  -5.78968
 0.825969  -6.14137
 0.832436  -5.81185
   1.9759  -5.26083
 0.974181  -6.15218
  1.53296  -5.57818
 0.655395   -5.8099
0.0840339  -5.55309
 -0.26418  -6.43913
 0.949432  -4.88074
  2.00928  -4.86625
  1.64378  -6.05744
  0.71991   -6.5372
 0.589076  -5.76089
 0.813809  -6.21436
  1.70033  -4.93783
  2.78501  -4.83987
  5.27817   8.85192
  4.44592   8.70425
  6.03543   9.19701
  4.71017   9.55848
  3.06742    9.3374
  4.56006    8.8808
  4.35112   8.78098
  3.95742   9.29536
  4.20802   8.79542
  5.18082   9.78216
  4.99272   9.56074
  2.85131   9.25317
  5.03591   9.02788
  4.09307   9.02086
  4.54129   9.31609
  5.67249   9.33435
  4.15702   8.55681
  4.02097   8.73354
  4.09978   7.87778
  4.67235   8.29514
  3.61961   8.76423
  3.30888   9.08313
  3.09946   8.15422
  4.57206   9.25963
  4.42137   9.55079
  4.88823   8.84817
  4.23073   9.19631
  5.17848   8.90113
  5.10293   8.60611
  6.06201   9.23385
  4.98223   8.75472
  4.42622   8.61505
  5.35879   9.76735
  5.14706   9.10112
  3.82909   9.18899
  3.24083    8.1186
   4.9849   9.18118
  4.34883   9.14968
  3.17111   9.10175
  3.40816   7.90179

# Final iteration parameters:
number of clusters: 3

allocated means:
 1.25796 -6.31419
-5.15427 -3.60425
 4.65232  9.66869

allocated deltas:
 2.16886 -1.29188
-1.29188  2.06009

 1.90788 -1.14511
-1.14511  2.28323

  1.19713 -0.506796
-0.506796   2.56299

cluster allocations:
1
1
1
1
1
1
1
1
1
1
1
1
1
1
1
1
1
1
1
1
1
1
1
1
1
1
1
1
1
1
1
1
1
1
1
1
1
1
1
1
0
0
0
0
0
0
0
0
0
0
0
0
0
0
0
0
0
0
0
0
0
0
0
0
0
0
0
0
0
0
0
0
0
0
0
0
0
0
0
0
2
2
2
2
2
2
2
2
2
2
2
2
2
2
2
2
2
2
2
2
2
2
2
2
2
2
2
2
2
2
2
2
2
2
2
2
2
2
2
2

##### (2)
Proposal means sigma: 0.1
Proposal lambda sigma: 0.01
#### Means Acceptance rate: 0.454892
#### Lambda Acceptance rate: 0.04486 // Almost always rejected: bad

Average nclus after 50000 iterations:
3.01754

Average sigma bar:
2.13462
1.48193
1.83548
1.55963

# Final iteration parameters:
number of clusters: 3

cluster allocations:
2
2
2
2
2
2
2
2
2
2
2
2
2
2
2
2
2
2
2
2
2
2
2
2
2
2
2
2
2
2
2
2
2
2
2
2
2
2
2
2
0
0
0
0
0
0
0
0
0
0
0
0
0
0
0
0
0
0
0
0
0
0
0
0
0
0
0
0
0
0
0
0
0
0
0
0
0
0
0
0
1
1
1
1
1
1
1
1
1
1
1
1
1
1
1
1
1
1
1
1
1
1
1
1
1
1
1
1
1
1
1
1
1
1
1
1
1
1
1
1

########################################## SECOND SETTING
dpp {
  c: 15   <-----
  n: 30
  s: 0.8
}

wishart {
  nu: 3
  identity: true
  sigma: 0.5
  dim: 2
}

dimf: 2

a: 1.0

alphajump: 2.0

betajump: 3.0

agamma: 40     <-------

bgamma: 20     <-------
########################################

##### (1)
Proposal means sigma: 0.1
Proposal lambda sigma: 0.001
#### Means Acceptance rate: 0.221597
#### Lambda Acceptance rate: 0.88036

Average nclus after 50000 iterations:
3.0004

Average sigma bar:
1.55602
  1.865
2.08005
1.90771

Average Lambda:
  0.143815   -1.09202
 -0.726291  0.0158006
  0.741407 -0.0264035
 -0.380712    1.31341

Average etas:
  -6.50387   -2.66247
  -7.31312   -3.11392
  -7.54233   -2.18679
  -6.85925   -2.29607
  -7.60651   -1.98282
  -7.90189   -2.70106
  -3.98895  -0.471403
  -5.52002   -1.39909
  -7.11808    -2.0475
  -7.13805    -1.0218
  -5.56096   -1.71325
  -6.50955   -2.32781
  -6.67217   -2.56599
  -8.07869   -2.67607
  -4.75635  -0.810409
  -6.07848  -0.953838
  -5.62597   -1.79878
  -6.34526  -0.848718
  -7.44929  -0.766021
  -7.64832   -2.81868
  -7.11842   -1.03262
  -7.70054   -1.93107
  -7.50186   -3.09712
  -6.18853   -2.46691
  -7.71315    -1.7424
  -6.78697   -1.92337
  -6.61829   -1.01567
  -6.07053    -1.8119
  -5.44485   -2.16652
   -6.7419   -1.35713
  -8.62709   -3.74619
  -6.30873   -1.62478
  -5.56189   -1.06846
  -6.50714   -1.15875
  -7.61884   -2.57192
  -5.77746   -1.53795
  -7.80068   -2.27318
  -7.58524   -3.41063
  -7.98016   -2.06616
  -6.56794   -1.29275
 -0.428292   -8.01338
  0.429248   -7.24568
  0.181988   -7.74778
 -0.942927    -7.7123
  -1.39435   -8.76582
   0.24618   -8.84533
-0.0530987   -7.70693
  0.730269   -7.38036
  0.122999   -8.03195
 -0.650109   -6.88357
  0.543195   -6.62942
  -1.11689   -9.23681
  -2.39967   -10.0554
 -0.665902   -8.44286
  -2.52222   -9.66721
 -0.406938   -7.42135
 -0.396163   -7.17869
 -0.641804    -8.1519
  -1.84059   -7.99424
  0.697586   -7.90395
  -1.44234   -8.29947
 0.0942781   -7.07606
 -0.736528   -7.73295
 -0.623629   -7.95009
 -0.573587   -8.46921
 -0.430848   -8.03328
   0.97623   -7.87622
 -0.386512     -8.551
  0.509636   -8.04581
 -0.640056   -7.94658
   -1.2149   -7.33724
   -1.9035   -8.33621
 -0.050409   -6.87726
   1.13687   -7.38301
  0.386892   -8.75918
 -0.761823    -8.9283
 -0.708075   -7.85269
 -0.555192   -8.54317
  0.731412   -7.32926
     2.041   -7.71067
   8.18681    8.97095
   7.17512    9.18849
   9.14053     9.0475
   7.71803    10.1701
   5.69398    10.6792
   7.34733    9.35874
   7.05294     9.3317
   6.78328    10.1956
   6.92152    9.43017
   8.29247    10.2213
   8.00541     10.019
   5.44603    10.6777
   7.87373    9.30953
   6.84408    9.76871
     7.455    9.93757
   8.75124    9.40158
   6.83843    9.14767
   6.71102    9.44238
   6.65932    8.30475
   7.32766    8.54977
   6.24832    9.67288
   5.98469    10.2431
   5.48132    9.14718
   7.47298    9.84035
   7.33669    10.2936
   7.74955    9.16135
   7.07953    9.93182
   8.06902    9.08099
   7.92161    8.74408
    9.1932    9.08138
    7.8118    8.99099
   7.15156      9.089
   8.49869    10.1091
   8.06665    9.35308
   6.57643    10.1164
   5.71576    9.03852
   7.93275    9.53704
   7.15972    9.81035
   5.83277    10.3307
   5.79972    8.67084

# Final iteration parameters:
number of clusters: 3

allocated means:
-5.20824   -1.039
 5.41859  9.35599
0.430274 -9.05354

allocated deltas:
   1.0233 -0.317215
-0.317215   1.09639

 0.727728 0.0030783
0.0030783   1.89273

  1.35575 -0.169045
-0.169045   1.73685

cluster allocations:
0
0
0
0
0
0
0
0
0
0
0
0
0
0
0
0
0
0
0
0
0
0
0
0
0
0
0
0
0
0
0
0
0
0
0
0
0
0
0
0
2
2
2
2
2
2
2
2
2
2
2
2
2
2
2
2
2
2
2
2
2
2
2
2
2
2
2
2
2
2
2
2
2
2
2
2
2
2
2
2
1
1
1
1
1
1
1
1
1
1
1
1
1
1
1
1
1
1
1
1
1
1
1
1
1
1
1
1
1
1
1
1
1
1
1
1
1
1
1
1

### (2)
Proposal means sigma: 0.1
Proposal lambda sigma: 0.01
#### Means Acceptance rate: 0.357781
#### Lambda Acceptance rate: 0.12828

Average nclus after 50000 iterations:
3.0222

Average sigma bar:
2.08395
1.87348
2.06489
1.86622

# Final iteration parameters:
number of clusters: 3

cluster allocations:
1
1
1
1
1
1
1
1
1
1
1
1
1
1
1
1
1
1
1
1
1
1
1
1
1
1
1
1
1
1
1
1
1
1
1
1
1
1
1
1
2
2
2
2
2
2
2
2
2
2
2
2
2
2
2
2
2
2
2
2
2
2
2
2
2
2
2
2
2
2
2
2
2
2
2
2
2
2
2
2
0
0
0
0
0
0
0
0
0
0
0
0
0
0
0
0
0
0
0
0
0
0
0
0
0
0
0
0
0
0
0
0
0
0
0
0
0
0
0
0
