######################################
####### p=200, d=2, M=3 ##############
######################################

Lambda :
1   0
.   .
.   .
1   0
0   1
.   .
.   .
0   1

mu_0 = 10. ,  10.
mu_1 = 0. ,  10.
mu_2 = -10. , -20.

Delta_0 = Delta_1 = Delta_2 = 30 * I

sigma_bar = VectorXd::Constant(p, 100.0);

// we will consider 120 observations, first 40 from group 0, then 40 from group 1, last 40 from group 2.

Typical Initialization:
    1.71192    -2.62508
    1.35453     1.44389
   0.047984   -0.231999
   -1.07327    -2.37791
   -1.30182   -0.902086
     1.1768     1.24699
    1.20323    0.205363
    2.26542   -0.783836
    1.11918    0.760035
   0.921209     -2.0615
    2.83027     1.67723
  -0.170056    -1.41787
   -1.09688   -0.843126
    1.99227      1.7325
    1.27491   -0.859647
   0.507891    0.397895
     1.2935    0.721128
  -0.471415  -0.0104828
  -0.330098   -0.480288
   -1.63172    0.568769
   -3.08029    -1.02911
    1.73033 -0.00413317
   -2.13078   -0.188216
   0.686854   -0.795043
  -0.343025    0.312173
    1.12395    0.793143
   0.735241   -0.129045
  -0.632413     1.03448
   0.227739  -0.0401461
   -0.62502    0.191368
    1.39803    0.450358
   -1.25167   0.0472556
   0.862418     2.04235
   -0.37866    -1.00896
   -1.23353     1.70355
  -0.575867   -0.577842
  -0.264314  -0.0969113
     0.4893   -0.259291
   0.404317  -0.0803807
   0.127156     2.49826
    0.94383    0.091255
   0.700278     -1.3448
   0.488429    0.791943
    -1.3555    0.342006
    1.12476    0.743773
  -0.165957    -0.38375
  -0.413665    -2.20964
   -1.50265    0.656264
   0.865472   -0.437954
    1.25297    0.824553
  -0.687518   -0.585996
      1.991    0.697337
    2.16287   -0.114724
   0.125773    -1.69852
   -1.30988    -2.86463
    1.66572     0.29256
  -0.340271    -1.03766
  -0.306723   0.0334972
    1.51725    0.492332
   0.927181   -0.597322
   -1.47626    0.050983
   0.508066    0.868101
   0.245722    0.220083
     1.4364   0.0919303
   -1.00922   -0.249198
   0.401246   -0.898551
   -1.59297   -0.608159
    1.26324     1.69907
   0.542737    0.573049
   0.111674    0.560516
   0.129371     2.21954
  -0.863532     1.38676
   -1.09828    -1.44001
    1.54614   -0.883876
  -0.267542    0.755116
   -0.16616    -1.06663
    1.60485     2.51629
   0.564966    -1.50606
  -0.356557   -0.223197
   0.965592   -0.434342
     1.1017   -0.180715
    1.86211  -0.0586209
     1.6772   -0.379436
   -1.08635    -1.07482
  -0.890998   -0.570832
   0.078143     1.25123
  -0.551565   -0.888446
   0.589171    0.480231
    1.33167     2.26784
   -1.49247   -0.117348
    1.00274    -1.71701
   -2.08068    -1.03181
  -0.283316     -1.5228
   0.543034    -1.02046
-0.00231156  -0.0164262
    1.66197     1.56852
    2.01163    0.443967
   0.635546     0.20535
   -1.06817    0.126374
   0.575675    0.633789
   0.970824    -1.14985
     1.5827   -0.321877
  -0.170938   -0.191681
 -0.0874882   -0.711047
    1.31015    -1.31103
  -0.258414   -0.109991
   0.288898     0.15581
    1.22642    0.318951
   0.603057   -0.353795
   -2.28564   -0.546651
   0.706145    -1.25901
   0.405258    0.865545
   0.647342    0.744682
  -0.179872   -0.322299
  -0.778379     1.08599
   0.116509    -1.10106
   -1.47339   -0.612585
   0.092056    0.423114
   -1.02432   -0.461354
    1.29864    -0.60097
    1.21577    -2.88871
    1.58112     1.67023
  -0.194826    -1.58326
  -0.680644    0.444804
   0.369313   -0.243825
   0.326238    -2.03456
   -1.18473   -0.118229
    1.83813    0.353921
   -0.25864   -0.566094
   0.615851   -0.225906
  0.0861491   -0.708533
  0.0443652   -0.929756
   0.585238    0.232564
  -0.354812    0.691358
   -0.98907  -0.0188889
  -0.793172   -0.116149
   -1.55894   0.0925954
   -0.12044    0.818785
   -1.00992     1.01562
   -1.09542    0.192026
     1.0662     1.48357
   0.238402     1.00594
    1.49613   -0.219853
    2.01396   -0.168562
   -1.25962    -1.20625
  -0.569469     1.78242
   0.423624   -0.346807
    0.41526    0.501029
   -0.22885   -0.535861
 -0.0316443   -0.163372
    2.04094   -0.148341
  -0.723219     1.93292
    0.43743    0.557145
   -1.12798    0.088614
   0.647545    -1.10498
  -0.340161     1.00877
   -1.79742    0.928503
  -0.438282    -1.48058
    1.17115   -0.629619
   0.470211  -0.0680124
    1.32869   -0.986844
   -0.20563   -0.333404
  -0.995007    -1.22702
  -0.667484    0.642786
   -1.17817   -0.375273
    -1.2459    0.519257
  -0.473424    -2.36627
   -1.85294     1.64534
  -0.241823     1.81345
  -0.237319    -1.19529
   -1.13075     1.07343
   0.596448    0.576294
  -0.596486   -0.830915
   0.578486   -0.250671
   0.134317    0.898132
   -1.04382    0.773961
    1.24198    0.717495
     1.4339    -1.93312
   0.148605  -0.0477336
   0.339005    0.960634
    1.41738     1.11068
   -1.29453   -0.807716
  -0.209088   -0.163381
     1.0751   -0.982859
   0.622023    -1.40957
   0.264975      1.4881
  -0.522497   -0.284001
  -0.340472    -0.15832
   -2.24995   -0.091008
    1.32262    0.497775
  -0.454356     2.85815
   -2.47008   -0.765301
   -1.27315   -0.570052
   -0.75485     -2.3203
    1.67543    0.758037
    1.77822   0.0211432
  -0.431945    -1.59677
  -0.309017   -0.517556
   -1.76844     1.18191
   0.336811    0.184268
mean first 100 rows:   0.246812 -0.0325564
mean second 100 rows: -0.0233784   -0.07657

#### (1)
LambdaBlock hyperparameter: a (dir) = 1

# Proposal Lambda sigma = 0.001

# Lambda acceptance rate = 0.40503

Average Lambda after 50000 iterations:
    1.5261   -0.28464
   0.86332   0.067443
   0.79616    0.10932
    0.8295   0.087474
   0.56418    0.22743
   0.91482   0.051177
   0.90954   0.045757
     1.487   -0.25384
   0.88398   0.064274
     1.186  -0.097305
     1.232    -0.1224
   0.83948   0.092839
   0.60477    0.21712
   0.98329   0.012153
    1.1317  -0.069175
   0.77428    0.11769
   0.95332   0.020456
   0.54367    0.24218
   0.74419    0.13584
   0.24634    0.40413
  0.074241    0.49688
    1.2147   -0.11282
   0.19393     0.4337
      1.06  -0.037495
   0.70021    0.15605
   0.90033   0.051452
   0.98465   0.015684
   0.45448    0.28526
   0.86073   0.078365
    0.5408    0.24346
    1.0313  -0.020298
   0.39249    0.32546
   0.69049    0.17002
   0.87134   0.068641
   0.20663    0.42572
   0.68854    0.16402
   0.69031    0.15826
   0.92813   0.039944
   0.83679   0.086526
    0.4182    0.31019
   0.99454  0.0016572
    1.0728  -0.041971
   0.68069     0.1745
   0.33455    0.35775
   0.97911   0.014136
   0.77491    0.11775
   0.90655    0.04607
   0.26116    0.39306
    1.1212  -0.065312
   0.92687   0.044894
    0.6666    0.17907
    1.1343  -0.075558
    1.3687   -0.19644
    1.0748  -0.039639
   0.85565   0.076153
    1.1629  -0.080442
   0.80242    0.10659
   0.72136     0.1472
    1.0587  -0.030808
    1.0927  -0.053389
   0.21444    0.41683
     0.705    0.16055
   0.84837   0.078583
    1.1206  -0.066625
    0.5354    0.25275
    1.0983  -0.052284
    0.3997    0.31423
   0.96584   0.024522
   0.84797    0.08545
   0.70376    0.16087
    0.4995    0.26141
   0.20986    0.42299
   0.60689    0.21134
    1.3043   -0.16524
   0.54939    0.24265
   0.86473   0.068283
    0.8405   0.081831
     1.082  -0.038753
   0.75437    0.13233
    1.0892  -0.049469
    1.1228   -0.06586
    1.1822  -0.097456
    1.1626  -0.082723
   0.53036    0.24946
   0.67214    0.17701
    0.5384    0.24402
   0.77759    0.11867
   0.86861   0.071053
   0.82091   0.097851
   0.38961    0.32219
    1.2441   -0.13296
   0.45446    0.28911
   0.83924   0.084104
    1.1165  -0.070194
   0.75421    0.13099
    1.0183 -0.0016761
    1.3008   -0.15737
   0.88913   0.059944
   0.45586    0.28584
   0.78616    0.11165
   0.48744    0.73498
   0.66798    0.64242
   0.20797    0.88578
   0.28373    0.84079
   0.58892    0.69121
   0.12171    0.93659
   0.11731    0.93803
   0.50798    0.72551
   0.34097    0.82312
  -0.33783     1.1807
    0.4265    0.77432
   0.16466    0.91088
   0.20251    0.89397
   0.19419    0.89717
  -0.31634     1.1735
   0.37168    0.80398
 -0.092607     1.0496
  0.091801    0.95249
  -0.20432     1.1119
   0.51518    0.72382
   0.83597     0.5506
   0.28661    0.84356
   0.28878    0.84754
 -0.080673     1.0468
   0.26983    0.85205
    0.4939      0.739
  -0.10068     1.0493
    0.5761    0.68495
   0.15863    0.90743
   0.33063     0.8188
   0.16213    0.91657
   0.30863    0.83406
   0.28957    0.83871
 -0.028845     1.0155
 -0.067661     1.0342
  -0.13486     1.0764
  -0.34085     1.1803
 -0.083975     1.0482
  -0.30507     1.1645
  -0.25466     1.1326
    0.2662    0.86067
  0.015412    0.98614
   0.60071    0.67948
   0.70858    0.62028
  -0.01283     1.0083
  -0.24185     1.1325
   0.30786    0.82949
   0.19089    0.89848
   0.11265    0.93895
  0.078146    0.96178
   0.48173    0.74246
   -0.3034     1.1599
   0.18863    0.89744
  -0.20632     1.1032
   0.44392    0.76037
   0.05056     0.9718
  -0.46216     1.2477
   0.24995    0.86407
   0.50989     0.7269
   0.33278    0.82054
   0.58338    0.69342
  0.029353    0.97735
  0.020046    0.98507
  -0.22412     1.1212
 -0.085388     1.0507
  -0.29042      1.157
   0.37291    0.79442
  -0.48282     1.2654
  -0.14553     1.0781
   0.25359    0.86282
  -0.32929     1.1772
   0.19265    0.89258
   0.13299    0.93069
   0.28484    0.85311
  0.078185    0.95679
   -0.2297     1.1256
   0.29058    0.84124
   0.74119    0.60569
   0.23836    0.87383
    0.1234    0.92928
   0.30676    0.83448
 -0.045142     1.0283
  0.084619    0.95221
   0.58925    0.68455
    0.5283     0.7127
 -0.010371     1.0051
  0.051162    0.97571
  0.050051    0.97734
  -0.43212     1.2317
   0.39136    0.79959
  -0.44245     1.2414
  -0.42627      1.223
 -0.002738     1.0071
   0.17978    0.89833
   0.40576    0.78434
   0.59898    0.68071
   0.26291    0.86145
  0.097202    0.94794
  -0.51072     1.2818
   0.14983    0.91702
# final mean first 100 rows:  0.98626 0.007431
# final mean second 100 rows: 0.007835  0.99522

##### (2)
LambdaBlock hyperparameter: a (dir) = 1

# Proposal Lambda sigma = 0.01

# Lambda acceptance rate = 0.04054

Average Lambda after 50000 iterations:
   0.88319   0.084145
   0.97426   0.021783
   0.80595    0.10276
    0.9794   0.011236
   0.88732   0.072716
   0.87364   0.073843
   0.85431   0.082905
   0.83697   0.085434
    1.0305 -0.0031714
   0.73851    0.12995
    0.8139    0.10598
   0.93088   0.037003
   0.92136   0.031889
   0.78691   0.085801
    1.0637  -0.034733
    1.2629    -0.1454
   0.99564   0.011831
    1.0821  -0.026192
   0.72254    0.15601
   0.87151   0.071005
   0.98043   0.020345
    1.0673  -0.041671
   0.86611   0.080638
   0.74552    0.13059
    0.9766   0.026836
    1.0466  -0.015026
   0.93932   0.026711
   0.92799   0.035285
   0.74537    0.12814
   0.95288   0.036107
   0.87688   0.071474
    0.9102   0.052114
    1.1458  -0.074029
   0.90324   0.037629
   0.78453    0.10665
     0.769    0.11788
   0.98612   0.014854
    1.1933   -0.10039
    1.0269  -0.019737
    1.0262  -0.036562
   0.99228 0.00042782
   0.97136  -0.018798
    1.1496  -0.070183
   0.91717   0.046587
   0.93186   0.039459
   0.88293   0.072146
   0.86551   0.068042
    1.0345  0.0034303
   0.93564   0.021355
   0.77824    0.11314
    1.1033  -0.054328
   0.72326    0.14014
   0.79002    0.10788
    1.1767  -0.087271
   0.95779   0.025984
   0.93476   0.027691
   0.89284   0.068907
   0.88406   0.059822
    0.8211    0.08505
    0.8377   0.069369
    1.0373  -0.029489
   0.95264   0.012793
   0.70035    0.16524
   0.92746   0.062916
   0.79067     0.1107
   0.98474   0.002258
   0.84768   0.079242
   0.88014   0.071046
   0.95484   0.034846
   0.87907   0.084022
   0.87002   0.059948
    1.0316 -0.0039793
   0.81865    0.11777
   0.93108    0.05689
   0.65011    0.19522
    1.2862   -0.15593
    1.1726  -0.093525
   0.98495   0.027529
   0.97518   0.012417
    1.0996  -0.048797
   0.90796   0.048983
    0.9628  0.0070969
   0.97421   0.026144
   0.80153    0.11192
    1.0916  -0.014173
   0.95737   0.026621
    1.0052 -0.0065769
   0.99065 -0.0060043
    1.1151  -0.068156
    1.0487  -0.024833
   0.99013 -0.0077183
    0.8738   0.071513
     1.045  -0.027344
   0.80712    0.12467
    1.0607  -0.028399
   0.92618    0.03034
    1.0801  -0.034648
   0.98862   0.018641
   0.68294    0.15344
   0.70759    0.13427
  0.021862    0.98877
    0.1308     0.9424
   0.15006    0.92303
  -0.14199     1.0714
  0.089979    0.96813
 -0.053748      1.012
 -0.096616     1.0584
   0.15936    0.91574
  -0.10128     1.0426
  0.036723     0.9953
   0.10297    0.98433
 0.0099647    0.98877
   0.10741    0.92662
  -0.14498     1.0926
 -0.017261     1.0217
  0.064416    0.95659
  0.058823    0.95178
  -0.12519     1.0708
 -0.063785     1.0361
   0.12524     0.9479
  -0.14897     1.0735
   0.12415    0.93514
 -0.037881     1.0199
 -0.051936     1.0329
  0.043472     0.9907
    0.0592    0.95377
 0.0050942     1.0015
  -0.15419     1.0821
 -0.033684     1.0169
  0.013784    0.99052
  -0.17416     1.1057
  0.081334    0.93987
  -0.10608     1.0425
 0.0050651    0.98487
 -0.077331     1.0388
   0.10757     0.9479
 -0.052759     1.0208
 -0.012478    0.99226
   0.13033     0.9244
  0.038968    0.98635
 -0.019532     1.0125
    0.1493    0.94844
   0.18414    0.90737
   0.22385     0.8707
   0.22805    0.89953
  0.055173    0.97394
   0.04696    0.96957
  -0.19881     1.0833
   0.19664    0.87969
  0.054275    0.96006
   0.20871    0.90464
  -0.20428     1.0964
  0.054343    0.97521
   0.18838    0.86516
 -0.056654     1.0399
 -0.061543     1.0267
   0.11561    0.93326
 -0.083062     1.0399
   0.12517     0.9338
  -0.20744     1.1031
   0.33222    0.84429
   0.13927    0.93204
    0.2386    0.87434
   -0.1062     1.0536
   0.18893    0.90201
  0.064041    0.98156
   0.16543    0.90563
 -0.065667     1.0147
  0.038137    0.99921
  0.039813    0.98656
   0.11397    0.94216
  0.078523      0.961
   0.14371    0.94957
  0.049108    0.99306
  0.046813    0.96493
   0.33029    0.82846
  0.042224    0.97919
  0.042112     0.9756
 -0.088041     1.0278
 -0.012536    0.99308
 -0.042036    0.99734
  0.071266    0.96888
   0.34451    0.81654
  0.063751    0.98068
 -0.063707     1.0066
  -0.15617     1.0714
   0.17411    0.90832
 0.0043348     1.0012
 -0.052111     1.0148
 -0.049522     1.0099
    0.0444    0.96951
   0.04257    0.97878
  -0.09084     1.0713
-0.0047181       1.02
  0.096121    0.95367
  0.022923    0.98711
  -0.12123      1.079
-0.0086591    0.99145
   0.13258    0.94488
   0.26071    0.87072
final mean first 100 rows:  0.93675 0.033828
final mean second 100 rows: 0.027256  0.98465

####### (3)
LambdaBlock hyperparameter: a (dir) = 1

# Proposal Lambda sigma = 0.1

# Lambda acceptance rate = 0.00332

Average Lambda after 50000 iterations:
   0.15305    0.37074
    2.5131    -0.7625
   0.96073   -0.16616
   0.99236  -0.071135
   -0.1183    0.50875
   0.15127    0.73073
  0.079443    0.65563
    1.8911  -0.097495
  -0.98269     0.9888
   0.83357   0.063276
  -0.23159    0.82819
   0.67146   -0.20669
    0.9441  -0.037708
    3.3545    -1.0374
    0.9969   0.099084
    1.2713   -0.29121
  -0.91998     1.2935
    2.2917   -0.73398
    1.5519   -0.10816
  -0.22514     0.8066
   0.68668    0.23918
   -1.3536     1.0955
  -0.62806     1.0915
   -0.9686    0.61709
   0.58932    0.18767
    1.4793   -0.32372
   0.48463    0.18168
     2.752   -0.92659
   0.57093    0.32704
    -1.066     1.0763
  -0.73525    0.88866
    1.2934   -0.14079
   -2.2754       1.65
     2.117    -0.2638
    1.3042  -0.060456
   0.37401    0.15842
   0.83351    0.39604
   0.39974    0.19369
   -1.2471    0.82427
   0.76593    0.24376
   0.63447   0.027486
  -0.31754      0.851
  0.063183    0.36082
  -0.24523     0.5016
   0.97914    0.22819
     1.009   0.023899
   -1.1756     1.2638
    2.0369   -0.42277
  -0.71927     1.0287
   0.69498    0.27873
  0.014711    0.60048
    2.3339   -0.84694
    1.1258   -0.11358
  -0.66063    0.80031
   -1.0622      1.473
  -0.24747    0.59886
  -0.26306    0.46041
   0.91795    0.23213
   0.43192    0.18602
   0.82991  -0.068985
    3.3494    -1.3918
   0.24541    0.62617
  0.068241    0.19119
   0.77809    0.34823
   0.95529      0.185
   0.21776    0.15551
     1.221  -0.078108
   -1.5107     1.3049
  -0.22717     0.4136
    1.8601   -0.31017
    2.1303   -0.58633
    2.4789   -0.69029
   0.46882    0.41888
     1.765   -0.38626
   0.11369    0.39848
   0.54549     0.3781
   0.64023    0.35567
   0.83417    0.56009
    0.1067    0.47013
  -0.31649    0.57543
   0.97544     0.1622
    1.2839   -0.13874
    1.5205   -0.21343
   0.78965    0.33786
     1.556   -0.72942
   0.75154   0.076065
   0.13857    0.51709
  -0.99755     1.2814
  -0.31331    0.78967
    1.6817   -0.14719
  0.086127    0.39131
    1.0141    0.10938
    0.2045    0.77924
  -0.56046    0.67259
    1.7621   -0.44866
    1.1399   -0.04026
-0.0006794     0.5524
   0.24107    0.38662
    1.1616   -0.23848
 -0.083437    0.51941
     -1.68     2.1019
 -0.015677      1.357
   0.81419    0.42068
 -0.072072     1.2064
    1.0455    0.26717
   -0.4781     1.2381
  -0.31991     1.0668
   0.12252    0.97129
   0.11014    0.67861
  -0.80047     1.2421
    1.4874   -0.10797
   0.48189    0.81923
   0.66654    0.64992
  -0.13453     1.0453
   0.24755     1.1702
  -0.83501     1.2572
    0.7179    0.54888
    1.5594    0.28388
   0.78528    0.35897
   0.51544    0.93674
    1.0621   0.057544
   0.24159     1.1581
  0.012526     1.1334
    1.0357    0.44765
   0.98055    0.66986
    -1.017     1.4255
    1.0792    0.22763
     -2.27     2.2257
    2.6661    -0.4154
  -0.11535    0.69293
  -0.25667     1.3051
  0.065004    0.89118
  -0.44304    0.79014
     1.236    0.23551
   0.48387     1.0183
  -0.63343     1.2421
  0.085995     0.9359
   0.10537     0.9991
   0.20691    0.92358
   -1.9041     1.7056
   0.75282    0.39585
   0.73268    0.41032
  -0.33006     1.1832
  -0.13028    0.95762
  -0.69438     1.3491
  0.021867    0.95385
    2.3967  0.0022669
   0.68043    0.59213
   0.84994    0.40584
   -1.1879     1.7617
   -1.5009     1.8856
    1.8389   -0.31451
  -0.60684       1.37
    1.2981   0.061972
   0.32353    0.74669
    -1.201     1.6937
  0.088527     1.0664
   0.30326    0.68566
   -1.8071     2.1567
    1.5461    0.31691
     2.647    -0.3255
  -0.77385     1.2221
   -1.3188     1.5338
  -0.91725     1.3403
     1.604    0.28873
  -0.54454     1.0936
  -0.88351     1.5172
   0.60639    0.61847
   0.71232    0.36062
  -0.25277     1.3092
  -0.90729     1.5972
   0.48974    0.65502
    1.2359    0.40508
   0.61773    0.69566
  -0.19377     1.2403
    1.6728      0.418
  -0.10604     1.1157
   0.87005    0.46908
  -0.26647     1.2589
   0.65487    0.22678
   0.44117     1.0066
   0.20312    0.70788
  -0.17041     1.0248
    0.9036    0.70469
 -0.077434     1.1753
  -0.83972     1.6024
   -1.0791     1.4081
    3.0084   -0.55297
    2.0078   0.014273
   0.75681    0.75135
    1.1536    0.45512
   -1.8965     1.7485
   0.19184    0.66126
  -0.97128     1.5542
   -3.4179     2.4968
   0.73693    0.74483
 -0.078466    0.86779
   -1.0272     1.6001
   -1.7787     2.1238
   0.48248    0.96574
# final mean first 100 rows:  0.5868 0.26404
# final mean second 100 rows: 0.07215 0.94184


######################################
####### p=4, d=2 , M=3 ###############
#######################################

Lambda :
0,  1,
1,  0,
-1, 0,
0, -1;

mu_0 = 5. ,  0.
mu_1 = 0. ,  10.
mu_2 = -5., -10.

Delta_0 = Delta_1 = Delta_2 = MatrixXd::Identity(d,d);

sigma_bar = VectorXd::Constant(p, 2.0);

// we will consider 120 observations, first 40 in group 0, second 40 in group 1, last 40 in group 2

####### (1)
LambdaBlock hyperparameter: a (dir) = 1

# Proposal Lambda sigma = 0.01

Initialization:
-0.535688  0.553841
 0.382127 -0.865975
  1.23475  0.620692
 -1.01822   1.46521

# Lambda acceptance rate = 0.21576

Average Lambda after 50000 iterations:
-0.00060486     0.99939
     0.9776  -0.0014353
   -0.98965   0.0058598
   0.015403    -0.99795

####### (2)
LambdaBlock hyperparameter: a (dir) = 1

# Proposal Lambda sigma = 0.1

Initialization:
 0.37803   1.2626
-0.55292  0.78709
  1.3776 -0.20695
-0.79624  -1.2596

# Lambda acceptance rate = 0.00562

Average Lambda after 50000 iterations:
0.0033201   0.99833
  0.98344 -0.009239
 -0.99941   0.00933
 0.024116   -1.0002

######### (3)
LambdaBlock hyperparameter: a (dir) = 1

# Proposal Lambda sigma = 1

Initialization:
  -1.5059 -0.032717
 -0.58289   -1.4396
  0.15376  0.055044
   1.1165  -0.28592

# Lambda acceptance rate = 9e-05

Average Lambda after 50000 iterations:
 -0.12451    1.0905
   1.3081 -0.079101
  -1.4302   0.13366
 0.063757   -1.0566
