##########################
#### SIGMA-BAR ###########
##########################
we consider p=4, d=2
we fix Lambda, M=2 (2 groups), mu1, mu2, Delta1, Delta2, cluster labels, Sigmabar
and simulate etas and data.

Lambda:
0   1
1   0
-1  0
0  -1

mu_0 = 10. , 0. ;
mu_1 = 0. , 10.;

Delta_0 = MatrixXd::Identity(d,d);
Delta_1 = MatrixXd::Identity(d,d);

sigma_bar =VectorXd::Constant(p, 2.0);

// we will consider 100 observations, first 50 from group 0, last 50 from group 1.

######### (1)
Sigma bar hyperparameters: a_gamma = 1 ; b_gamma = 5
Average sigma bar after 50000 iterations:
1.66438
1.88874
1.90624
1.65955
########## (2)
Sigma bar hyperparameters: a_gamma = 2 ; b_gamma = 2
Average sigma bar after 50000 iterations:
1.88142
2.16819
2.18636
1.87561


###########################
###### ETAS ###############
###########################
Same model as above, where the generated etas are here reported
Original etas:
    9.9779   0.952914
   10.2282    1.58997
   10.8938   0.256094
   9.92246   0.588249
   10.5358  0.0166521
    11.033    1.05892
   7.40828  -0.772562
   9.36389 0.00770206
   10.5215  -0.834355
   10.0696    -1.4991
   8.58696  -0.217936
   9.91582  0.0933337
   10.5434   0.370221
   10.6497 -0.0880843
   7.84593   -1.46702
   9.20645  -0.311129
   8.92641   0.507259
   9.40885  -0.515365
   10.9925   -1.39247
    9.7684  0.0533936
   9.51458   -1.66859
   10.4833  -0.431164
   11.4864    1.18116
   9.38198   0.464543
   10.6949  -0.307561
   9.45487 -0.0163967
   10.1426  -0.435932
   9.98298  0.0009601
   8.90992   0.456647
   10.0114  -0.886401
   11.4215    1.64704
   9.50711  -0.119533
   8.65923  -0.667558
   9.52511   -1.31376
   10.6771   0.415212
    9.6195   0.315497
   10.4578   0.578334
   10.7003     1.8777
   10.1751  0.0127425
   9.80526  -0.563691
   10.1487  0.0904149
   9.28899   0.610931
   9.14928    0.09649
   10.2494   -1.40129
   10.7482   0.840684
   9.75043    1.48108
   9.37626  -0.444343
   8.61549  -0.197738
   10.8512    0.79352
    11.257   -1.72706
 -0.847573    9.31187
    1.2534    11.0056
   1.13476    11.6632
  0.601488    9.87966
   1.61058    11.2204
 -0.431355    9.25674
  0.180751        8.8
  0.274276    10.0972
  0.725456    9.41489
 -0.497373    9.96847
   1.51089    9.64937
 -0.699625    8.40475
  0.316733     9.7678
    0.3267    10.2203
 -0.129887    10.5044
  0.975103    10.3196
 -0.710008    10.3563
-0.0348196    11.0685
  -1.21081    10.2416
  0.619458    10.3975
   1.02381    9.12556
   1.32323    10.0865
 -0.287691    8.80125
  -1.21672    10.2395
  -0.64856    11.4273
  0.574868    11.4185
  0.538741    9.34863
 -0.183143     10.279
 -0.868543    10.2319
  -2.30443    10.7493
 -0.634779    11.1408
  0.135839    11.1382
   -1.6757    11.2924
  -0.45384    9.16449
   1.37562    8.43685
 -0.355269     9.8399
  0.349863    10.1747
-0.0731989    9.33625
  0.169709     10.598
  -1.57007     9.2321
  -1.38873    9.61051
   1.19783     8.6061
 -0.941508    10.7719
 -0.223898    9.54075
  0.654005    9.34469
  -1.86389    10.2623
  0.838647    10.2593
   0.87337    10.7131
  0.029215    11.7811
 -0.585259    11.4511
Initialization:
   10.2575    1.75953
   10.3265    2.28752
   10.6139 -0.0724923
     9.684 -0.0631726
   11.4995  -0.655484
   11.5372   0.911017
   7.62246   -1.51676
   8.62032   0.322862
   10.6845   -1.24725
   9.95511   -1.33887
   8.04023   0.369103
   9.97202   0.304587
   10.2879   0.067513
   10.6083  0.0589004
   8.02938   -1.76217
   9.08942  -0.602373
   8.60996    0.31181
   8.65829  -0.773414
   10.7136  -0.500822
   10.0111 -0.0335709
   9.56154   -1.02577
   10.1835   0.304725
   10.6719    1.97284
    9.9068    1.16373
   10.7414   0.421501
   9.52297   -0.80114
   9.88071  -0.492379
   10.0615  -0.897387
   8.65193  -0.358442
   10.9986  0.0980065
   12.1863     1.6925
   9.94107  -0.215826
   7.63741  -0.193292
   9.33758  -0.490642
   10.8458  0.0153065
    10.001   0.432669
   10.1527  -0.426628
   9.88182    2.10636
   9.71602   0.698617
   9.67544  -0.578426
   10.3024   0.668582
   9.20893   0.488207
   9.15461  0.0832652
   10.3813    -1.1843
   10.7382     1.1829
   9.08251    1.00383
    9.7856  -0.936374
   8.48459   0.128378
   11.7191   0.726203
   11.1745   -2.07494
 -0.889711    9.26791
   1.25106    9.53938
   1.42898    11.5514
   1.04386    10.7558
   1.92795    11.3427
  -0.85414    9.62646
  0.564689    9.03821
  0.587965    10.0086
 -0.578308    9.10602
  -1.34178    9.84857
   1.51397    8.65893
  -1.26829    9.10671
   1.13291    10.7873
 0.0034206    11.1359
  0.353665    11.1276
   1.50711    10.3135
 -0.823523    10.3081
-0.0700243    11.3467
 -0.313931    10.2435
0.00167366    10.9482
  0.660548    9.59638
   1.63524    10.5192
 -0.212523    8.50783
  -1.20727    10.0271
 -0.279647    11.7516
 -0.333704    11.3526
 -0.085934    9.64082
 -0.131539    10.3259
 -0.656485    10.7637
  -2.60229    10.2186
 -0.720828    10.7218
  0.473834    10.9883
  -1.62345     11.107
 -0.713607    8.73002
   1.24364    8.70272
 -0.568953    10.0021
  0.219757    10.4978
  0.274341    10.0221
 0.0107993    9.90098
  -1.73661    9.30901
  -1.62528    10.1463
   1.22334    8.37295
  -1.12399    11.2937
 -0.443457    9.84387
  0.683131    8.80568
  -1.55505    11.1051
  0.825179    10.5974
    1.2394    10.4829
  0.224821    11.6194
  -0.25301    11.7009
Average etas after 50000 iterations:
    10.2062     1.40829
    10.2597     1.83215
    10.4912  -0.0599877
    9.74804  -0.0543972
    11.2004   -0.524575
    11.2313    0.728006
    8.09783    -1.21455
    8.89756    0.259513
    10.5498   -0.995822
    9.96174    -1.07127
    8.42736    0.295651
    9.97874    0.242103
    10.2337     0.05043
    10.4868   0.0483249
    8.42279    -1.40573
     9.2719   -0.482372
    8.89132    0.246021
     8.9292   -0.615493
     10.575   -0.405072
    10.0099  -0.0263851
    9.64716   -0.824443
    10.1452    0.243747
    10.5372     1.58081
     9.9289    0.925846
    10.5944    0.334778
    9.61982     -0.6382
     9.9039   -0.394165
    10.0488   -0.716843
    8.92061   -0.284182
    10.7998   0.0781641
     11.749     1.35444
    9.95255    -0.17456
    8.11125   -0.153221
    9.47015   -0.392672
    10.6764   0.0127584
    10.0001    0.347942
    10.1211   -0.341662
    9.90562     1.68568
    9.77315    0.554826
    9.73635   -0.467758
    10.2417    0.532677
    9.37002    0.389724
    9.32408   0.0661815
     10.305   -0.948349
    10.5936    0.947128
    9.26644    0.801138
    9.82841   -0.745979
    8.78529     0.10036
    11.3777    0.579044
    10.9381    -1.65708
  -0.711627      9.4131
   0.999223     9.63195
    1.14441     11.2373
    0.83504     10.6069
    1.54373     11.0722
   -0.68356     9.70231
    0.45262     9.22983
    0.46817     10.0085
   -0.46035     9.28347
   -1.07171      9.8791
    1.20823      8.9255
   -1.01548     9.28513
   0.908457     10.6295
-0.00211792     10.9076
   0.282846     10.9014
    1.20685     10.2536
  -0.656911     10.2467
 -0.0567645     11.0789
  -0.254001     10.1938
0.000433077     10.7583
   0.528901     9.67918
    1.30793     10.4107
  -0.168982     8.80989
  -0.965361     10.0219
  -0.222019     11.4016
  -0.269008      11.082
 -0.0713758     9.71389
  -0.106202     10.2623
   -0.52602     10.6121
   -2.08151     10.1755
  -0.574097     10.5824
   0.380261     10.7886
   -1.29672     10.8878
  -0.572079     8.98363
   0.995316     8.96273
  -0.455819     10.0012
   0.175728     10.3949
   0.219187      10.018
  0.0104153     9.92535
   -1.38582      9.4462
   -1.30025     10.1177
   0.977321     8.69749
   -0.90056     11.0363
  -0.354819     9.87232
    0.54525      9.0445
   -1.24454     10.8831
   0.654725     10.4761
   0.991116     10.3843
   0.181878     11.2958
     -0.204     11.3613

###########################################
########## Rep-PP block ##################
##########################################
// we consider p=150, d=3
// we fix Lambda, M=3 (3 groups), mu1,mu2,mu3 Delta1, Delta2,Delta3 cluster labels, Sigmabar
// and simulate etas and data.
Lambda:
1   0   0
.   .   .
.   .   .
1   0   0
0   -1  0
.   .   .
.   .   .
0   -1  0
0   0   1
.   .   .
.   .   .
0   0   1

mu_0 = 5. , -5. , -15. ;
mu_1 = 0. , 5. , 10.;
mu_2 = -5. , 0. , 5. ;

Delta_0 = MatrixXd::Identity(d,d);
Delta_1 = MatrixXd::Identity(d,d);
Delta_2 = MatrixXd::Identity(d,d);

sigma_bar = VectorXd::Constant(p, 2.0);

// we will consider 120 observations, ordered in groups

Initialization! Parameters:
number of clusters: 10
Initial allocated means:
 -4.38861 -0.649806   6.38829
-0.651371   4.81686    10.279
  5.50726  -5.59115  -15.5154
-0.572383   4.91272   8.37662
 -5.78704 -0.419861   4.94117
   6.6632  -4.39851  -15.1203
   4.9836  -4.85742  -15.4359
 -5.83432  0.691623   2.72126
  4.80526  -5.56369  -14.8513
 -2.56067 0.0829129   4.15598
Initial allocated deltas:
1.5   0   0
  0 1.5   0
  0   0 1.5

1.5   0   0
  0 1.5   0
  0   0 1.5

1.5   0   0
  0 1.5   0
  0   0 1.5

1.5   0   0
  0 1.5   0
  0   0 1.5

1.5   0   0
  0 1.5   0
  0   0 1.5

1.5   0   0
  0 1.5   0
  0   0 1.5

1.5   0   0
  0 1.5   0
  0   0 1.5

1.5   0   0
  0 1.5   0
  0   0 1.5

1.5   0   0
  0 1.5   0
  0   0 1.5

1.5   0   0
  0 1.5   0
  0   0 1.5

Proposal means sigma: 0.1
#### Acceptance rate: 0.18109
Average nclus after 1000 iterations:
3
Final iteration parameters:
number of clusters: 3
allocated means:
  0.232748    5.05051    10.0939
  -4.75677 0.00747771    5.39451
   5.38876   -4.98927   -14.8104
allocated deltas:
  1.09118 -0.174094 -0.643186
-0.174094   1.00433  0.437239
-0.643186  0.437239   1.51175

  1.12597  0.223639 0.0384396
 0.223639   1.33639  0.143293
0.0384396  0.143293  0.500397

  1.00894 -0.196772 -0.393119
-0.196772   1.16883  -0.22237
-0.393119  -0.22237   1.64275

cluster allocations:
2
2
2
2
2
2
2
2
2
2
2
2
2
2
2
2
2
2
2
2
2
2
2
2
2
2
2
2
2
2
2
2
2
2
2
2
2
2
2
2
0
0
0
0
0
0
0
0
0
0
0
0
0
0
0
0
0
0
0
0
0
0
0
0
0
0
0
0
0
0
0
0
0
0
0
0
0
0
0
0
1
1
1
1
1
1
1
1
1
1
1
1
1
1
1
1
1
1
1
1
1
1
1
1
1
1
1
1
1
1
1
1
1
1
1
1
1
1
1
1
